[[[[-0.9510582089424133, 0.30901259183883667, -1.8082305075495242e-07, 0.28590667247772217], [0.13819670677185059, 0.42533206939697266, -0.8944242000579834, 0.3867926597595215], [-0.2763882279396057, -0.8506492972373962, -0.44721972942352295, 0.5965391397476196]], [[-1.0, 8.742278367890322e-08, 8.742277657347586e-08, 4.428261135558387e-08], [-8.74227694680485e-08, -1.0, 8.742278367890322e-08, 4.4282614908297546e-08], [8.742279078433057e-08, 8.74227694680485e-08, 1.0, 0.5065340399742126]], [[0.5877805352210999, 0.8090205788612366, -8.542329510419222e-09, 1.6197766683490045e-07], [-0.3618099093437195, 0.26286736130714417, -0.8944243788719177, 1.4156103134155273e-07], [-0.7236075401306152, 0.5257253050804138, 0.4472200274467468, 0.506534218788147]], [[0.951058030128479, -0.3090122938156128, -5.994272100906528e-08, -2.848011071421297e-08], [0.13819651305675507, 0.4253324568271637, -0.8944239020347595, 2.384185791015625e-07], [0.276388019323349, 0.8506490588188171, 0.4472202956676483, 0.5065340995788574]], [[-1.0195598321161015e-07, -0.9999999403953552, -6.32410888101731e-08, -6.051790535366308e-08], [0.44721564650535583, -4.1453120047663106e-08, -0.8944261074066162, 4.470348358154297e-08], [0.8944261074066162, -1.5187256963145046e-07, 0.44721561670303345, 0.5065339803695679]], [[-0.9510580897331238, -0.3090122938156128, -1.7887595049614902e-07, -2.561998257988307e-08], [0.13819660246372223, -0.4253320097923279, -0.8944240808486938, 1.30385160446167e-08], [0.2763879597187042, -0.8506492376327515, 0.4472199082374573, 0.5065340995788574]], [[-0.5877810716629028, 0.8090203404426575, 1.582498327934445e-07, 1.4015677152201533e-07], [-0.36180976033210754, -0.2628667950630188, -0.8944243788719177, -7.450580596923828e-08], [-0.7236073613166809, -0.5257255434989929, 0.44721972942352295, 0.5065341591835022]], [[0.951058030128479, 0.3090122938156128, -2.0740392514539963e-08, 1.9599525558078312e-08], [0.1381964087486267, -0.42533203959465027, -0.8944240808486938, 0.0], [-0.2763880491256714, 0.8506492376327515, -0.4472198486328125, 0.5065340995788574]], [[0.5877807140350342, -0.8090203404426575, -1.45566531273289e-07, 3.1731453020711342e-09], [-0.36180979013442993, -0.26286691427230835, -0.8944242000579834, -2.2351741790771484e-08], [0.7236073017120361, 0.5257253050804138, -0.447219580411911, 0.5065340399742126]], [[-0.5877810120582581, -0.8090203404426575, -1.3105969287607877e-07, -4.481660198507598e-08], [-0.36180970072746277, 0.26286736130714417, -0.8944242596626282, -9.685754776000977e-08], [0.7236073613166809, -0.5257253646850586, -0.4472195506095886, 0.5065340995788574]], [[-0.9510581493377686, 0.3090122938156128, -5.96606568592506e-08, 1.3515053076673667e-08], [0.13819652795791626, 0.425332248210907, -0.8944240212440491, -1.210719347000122e-07], [-0.2763879895210266, -0.8506491780281067, -0.44721996784210205, 0.5065340995788574]], [[-2.3490322575980827e-07, 1.0, -5.477760822714117e-08, 1.1883339823270944e-07], [0.4472154676914215, 5.764024635368514e-08, -0.8944262266159058, 5.960464477539063e-08], [-0.8944262266159058, -2.3204057697512326e-07, -0.4472154676914215, 0.5065340399742126]], [[1.0, 0.0, 0.0, 0.0], [0.0, -1.0, 0.0, 0.0], [0.0, 0.0, -1.0, 0.5065340399742126]], [[0.951058030128479, -0.3090122640132904, 3.4341020693773316e-08, 7.346464769852901e-09], [0.2628626823425293, 0.8090220093727112, -0.5257253646850586, 2.9802322387695312e-08], [0.16245554387569427, 0.4999953508377075, 0.850654661655426, 0.506534218788147]], [[0.5877806544303894, 0.809020459651947, -1.9628974712304625e-07, -2.4973729750854545e-08], [-0.6881967186927795, 0.4999983012676239, -0.5257256627082825, 3.725290298461914e-08], [-0.42532262206077576, 0.3090115189552307, 0.8506545424461365, 0.506534218788147]], [[0.9510548114776611, 0.3090222179889679, -2.391344189334177e-08, -3.617056876237257e-08], [-0.16246461868286133, 0.500005304813385, -0.8506468534469604, -2.0489096641540527e-08], [-0.2628687620162964, 0.8090117573738098, 0.5257376432418823, 0.5065340995788574]], [[8.927057137952943e-08, 1.0, -1.84060155561383e-07, -8.748088475840632e-08], [-0.5257359147071838, -8.927057137952943e-08, -0.8506478667259216, 0.0], [-0.8506478667259216, 1.84060155561383e-07, 0.5257359147071838, 0.5065339803695679]], [[-0.5877805948257446, 0.8090202808380127, 4.087211991077311e-08, -1.2191124554306043e-08], [-0.6881966590881348, -0.49999818205833435, -0.5257253646850586, 1.4156103134155273e-07], [-0.4253225028514862, -0.30901122093200684, 0.8506543040275574, 0.5065340399742126]], [[-1.1595217586091167e-07, -1.0000001192092896, 0.0, -3.087806987878139e-08], [0.8506516218185425, 1.1595217586091167e-07, -0.5257300138473511, -1.043081283569336e-07], [0.5257300138473511, 0.0, 0.850651741027832, 0.506534218788147]], [[0.587783694267273, -0.8090182542800903, 8.082486147031887e-08, -3.8080720798916445e-08], [0.42533010244369507, 0.30901941657066345, -0.8506479263305664, 0.0], [0.6881895065307617, 0.4999971389770508, 0.5257364511489868, 0.506534218788147]], [[-0.9510585069656372, -0.3090118169784546, -5.193342644815857e-07, -3.727851662915782e-07], [0.26286253333091736, -0.8090218305587769, -0.525725245475769, 3.166496753692627e-08], [0.16245485842227936, -0.4999954402446747, 0.8506547808647156, 0.506534218788147]], [[-0.5877839922904968, -0.8090181350708008, 1.8643472543544704e-08, -6.954098807909759e-08], [0.4253303110599518, -0.3090193569660187, -0.8506475687026978, 1.6391277313232422e-07], [0.6881892085075378, -0.4999968707561493, 0.5257366299629211, 0.5065340995788574]], [[-0.951054573059082, 0.30902254581451416, 1.1663509269510541e-07, -1.0305005559985148e-07], [-0.1624649167060852, -0.5000054240226746, -0.8506466150283813, 1.2665987014770508e-07], [-0.2628689408302307, -0.8090115189552307, 0.5257377028465271, 0.5065340399742126]], [[0.3090125322341919, 0.9510579705238342, 1.2250421121962063e-08, 7.450580596923828e-08], [-2.850300973022968e-07, 1.316685569463516e-07, -1.0, 1.5792079466336872e-07], [-0.9510579705238342, 0.3090125322341919, 3.2985556686071504e-07, 0.5065340399742126]], [[-0.30901283025741577, 0.9510579109191895, 5.274564429669226e-08, 8.940696716308594e-08], [-1.518391314903056e-07, 4.482544824213619e-08, -1.0, 6.613114322817637e-08], [-0.9510579109191895, -0.3090128004550934, 1.8121529876680142e-07, 0.5065340399742126]], [[1.0, 0.0, 0.0, 0.0], [0.0, 1.3435885648505064e-07, -0.9999999403953552, 6.805733221426635e-08], [0.0, 0.9999999403953552, 1.3435885648505064e-07, 0.5065339803695679]], [[0.8090167045593262, 0.5877856016159058, -6.012604814031874e-08, 1.4901161193847656e-08], [-6.012604814031874e-08, -1.642406033397492e-08, -1.0, 1.1171044533853092e-08], [-0.5877856016159058, 0.809016764163971, 2.2648244168976817e-08, 0.5065340995788574]], [[0.3090125322341919, -0.9510579705238342, -1.2250421121962063e-08, -7.450580596923828e-08], [2.850300973022968e-07, 1.316685569463516e-07, -1.0, 1.5792079466336872e-07], [0.9510579705238342, 0.3090125322341919, 3.2985556686071504e-07, 0.5065340399742126]], [[0.8090167045593262, -0.5877856016159058, 6.012604814031874e-08, -1.4901161193847656e-08], [6.012604814031874e-08, -1.642406033397492e-08, -1.0, 1.1171044533853092e-08], [0.5877856016159058, 0.809016764163971, 2.2648244168976817e-08, 0.5065340995788574]], [[-0.8090165853500366, -0.5877858996391296, 6.006201758168572e-09, 1.7881393432617188e-07], [4.609023207535756e-08, -4.651913698694443e-08, -1.0, 3.278589133515197e-08], [0.5877858996391296, -0.8090165257453918, 1.1381698783452521e-07, 0.5065340399742126]], [[-0.30901283025741577, -0.9510579109191895, -5.274564429669226e-08, -8.940696716308594e-08], [1.518391314903056e-07, 4.482544824213619e-08, -1.0, 6.613114322817637e-08], [0.9510579109191895, -0.3090128004550934, 1.8121529876680142e-07, 0.5065340399742126]], [[-0.8090165853500366, 0.5877858996391296, -6.006201758168572e-09, -1.7881393432617188e-07], [-4.609023207535756e-08, -4.651913698694443e-08, -1.0, 3.278589133515197e-08], [-0.5877858996391296, -0.8090165257453918, 1.1381698783452521e-07, 0.5065340399742126]], [[-1.000000238418579, 5.0242962053173926e-15, -1.509958451606508e-07, -2.544976982111905e-15], [1.509958451606508e-07, 1.3435885648505064e-07, -1.0000001192092896, -6.805733221426635e-08], [-5.0242962053173926e-15, -1.0000001192092896, 1.3435885648505064e-07, 0.5065340995788574]], [[0.587783694267273, 0.8090181350708008, -5.3777391428866395e-08, 4.4123417808350496e-08], [0.4253300130367279, -0.30901914834976196, -0.8506476879119873, 3.725290298461914e-08], [-0.6881894469261169, 0.4999968111515045, -0.5257360935211182, 0.5065340399742126]], [[0.9510548114776611, -0.30902227759361267, -3.192237940652376e-08, 8.501057635612597e-09], [-0.1624647080898285, -0.5000053644180298, -0.8506467342376709, -5.4016709327697754e-08], [0.2628687620162964, 0.809011697769165, -0.5257377028465271, 0.5065340399742126]], [[7.1749166608015e-09, -1.0, 1.1467189153790969e-07, -2.7445938854953056e-08], [-0.5257360935211182, -8.927057137952943e-08, -0.8506477475166321, -1.043081283569336e-07], [0.8506477475166321, -3.257624214825228e-08, -0.5257360339164734, 0.5065339803695679]], [[-0.9510549306869507, -0.3090221583843231, -1.681597439073812e-07, -1.4823029914623476e-08], [-0.16246441006660461, 0.500005304813385, -0.8506469130516052, 6.146728992462158e-08], [0.26286882162094116, -0.8090118169784546, -0.525737464427948, 0.5065340399742126]], [[-0.5877840518951416, 0.809018075466156, -1.25034745224184e-07, 1.376052978230291e-07], [0.4253300130367279, 0.30901920795440674, -0.8506478667259216, 6.705522537231445e-08], [-0.6881893873214722, -0.4999971389770508, -0.5257359743118286, 0.5065340399742126]], [[0.951058030128479, 0.30901238322257996, 1.9780092230803348e-08, 2.8729949974604096e-08], [0.2628627419471741, -0.8090215921401978, -0.5257254838943481, 1.1548399925231934e-07], [-0.16245563328266144, 0.4999954402446747, -0.8506543040275574, 0.5065340995788574]], [[4.621854188258112e-08, 1.0, -1.2439127772267966e-07, 4.129021391463539e-08], [0.8506515622138977, -1.0380501436202394e-07, -0.5257298946380615, 5.960464477539063e-08], [-0.5257298946380615, -7.83221096867237e-08, -0.8506515622138977, 0.5065340995788574]], [[0.5877805352210999, -0.8090204000473022, 4.233740114045759e-08, -7.784721134385109e-08], [-0.6881965398788452, -0.49999797344207764, -0.5257257223129272, 8.940696716308594e-08], [0.42532286047935486, 0.3090113401412964, -0.850654125213623, 0.5065340399742126]], [[-0.5877806544303894, -0.8090202212333679, 3.860752428863634e-08, -1.7342554059496251e-09], [-0.6881965398788452, 0.4999981224536896, -0.5257254838943481, -4.470348358154297e-08], [0.425322562456131, -0.3090113699436188, -0.8506542444229126, 0.5065340399742126]]], [[[-0.9510583281517029, 0.3090125024318695, 2.2614001338183698e-08, -5.444752559924382e-08], [0.26286283135414124, 0.8090220093727112, -0.5257253646850586, -4.0978193283081055e-08], [-0.1624557077884674, -0.49999532103538513, -0.8506543636322021, 0.5065340399742126]], [[-1.0, 8.742278367890322e-08, 8.742277657347586e-08, 9.614970508664555e-08], [-8.74227694680485e-08, -1.0, 8.742278367890322e-08, 9.614971219207291e-08], [8.742279078433057e-08, 8.74227694680485e-08, 1.0, 1.0998244285583496]], [[0.5877805948257446, 0.8090204000473022, 5.998178664867737e-08, 1.7851442635219428e-07], [-0.3618098795413971, 0.26286718249320984, -0.8944241404533386, 2.8312206268310547e-07], [-0.7236073613166809, 0.5257251262664795, 0.4472198188304901, 1.0998244285583496]], [[0.951058030128479, -0.3090122938156128, -2.23837393065196e-08, -7.06143836737283e-08], [0.13819652795791626, 0.4253324568271637, -0.8944239020347595, 4.842877388000488e-07], [0.2763879597187042, 0.8506490588188171, 0.4472202956676483, 1.0998244285583496]], [[-2.453651006817381e-07, -1.0, -1.892536261038913e-08, -2.5067714659599005e-07], [0.447215735912323, -4.1453120047663106e-08, -0.894426167011261, 1.4901161193847656e-07], [0.894426167011261, -1.9618829583123443e-07, 0.4472157657146454, 1.0998244285583496]], [[-0.9510580897331238, -0.3090122938156128, -1.7887595049614902e-07, -2.837786894360761e-08], [0.13819660246372223, -0.4253320097923279, -0.8944240808486938, 0.0], [0.2763879597187042, -0.8506492376327515, 0.4472199082374573, 1.0998244285583496]], [[-0.5877803564071655, 0.8090202212333679, 1.5729504809769423e-07, -1.610509627880674e-07], [-0.3618096709251404, -0.26286691427230835, -0.8944241404533386, -5.960464477539063e-08], [-0.7236073017120361, -0.5257251858711243, 0.44721922278404236, 1.0998241901397705]], [[0.951058030128479, 0.3090122938156128, -2.0740392514539963e-08, 6.980608446838232e-08], [0.1381964087486267, -0.42533203959465027, -0.8944240808486938, 2.60770320892334e-08], [-0.2763880491256714, 0.8506492376327515, -0.4472198486328125, 1.0998244285583496]], [[0.5877806544303894, -0.8090203404426575, -2.7293131310557328e-08, -4.618016191670904e-08], [-0.36180970072746277, -0.2628669738769531, -0.8944242596626282, 4.470348358154297e-08], [0.7236073613166809, 0.5257253050804138, -0.44721952080726624, 1.0998244285583496]], [[-0.5877809524536133, -0.8090202808380127, 1.2946846084105346e-07, -2.722970009472192e-07], [-0.36180976033210754, 0.2628670930862427, -0.8944242596626282, -7.450580596923828e-08], [0.7236072421073914, -0.5257254838943481, -0.4472195506095886, 1.0998244285583496]], [[-0.9510582089424133, 0.3090122938156128, -1.011907144743418e-07, 4.977199807854049e-08], [0.13819649815559387, 0.42533206939697266, -0.8944242000579834, 2.9802322387695312e-08], [-0.276388019323349, -0.8506492972373962, -0.44721972942352295, 1.09982430934906]], [[-1.9058747113831487e-07, 1.0, -9.909336284863457e-08, 2.3622305889148265e-07], [0.44721558690071106, 1.332450949576014e-08, -0.8944262266159058, 2.9802322387695312e-08], [-0.8944262266159058, -1.877248507753393e-07, -0.44721555709838867, 1.0998244285583496]], [[1.0, 0.0, 0.0, 0.0], [0.0, -1.0, 0.0, 0.0], [0.0, 0.0, -1.0, 1.0998244285583496]], [[0.951058030128479, -0.3090122640132904, -3.135084369887409e-08, -2.933092346779631e-08], [0.2628626227378845, 0.8090217709541321, -0.5257253646850586, -2.60770320892334e-08], [0.16245560348033905, 0.49999532103538513, 0.8506544232368469, 1.0998245477676392]], [[0.5877804756164551, 0.809020459651947, 1.9879500712249865e-07, 3.349983330735995e-07], [-0.6881967186927795, 0.49999818205833435, -0.5257254838943481, 2.682209014892578e-07], [-0.4253227412700653, 0.3090110421180725, 0.8506544232368469, 1.0998245477676392]], [[0.9510547518730164, 0.30902233719825745, 4.372722273160434e-08, 2.5283918958507456e-08], [-0.1624646782875061, 0.5000055432319641, -0.8506467938423157, 1.1548399925231934e-07], [-0.26286885142326355, 0.809011697769165, 0.5257378220558167, 1.0998245477676392]], [[-1.811210523783302e-07, 1.0000001192092896, -4.10478335766129e-08, 1.4571565998267033e-07], [-0.5257359743118286, 3.387291513945456e-08, -0.8506479263305664, 5.960464477539063e-08], [-0.8506479263305664, -4.10478335766129e-08, 0.5257360935211182, 1.0998246669769287]], [[-0.5877804756164551, 0.8090203404426575, 2.9417768132589117e-07, 1.560146074552904e-07], [-0.6881965398788452, -0.4999978244304657, -0.5257258415222168, -2.8312206268310547e-07], [-0.4253228008747101, -0.30901163816452026, 0.8506539463996887, 1.0998244285583496]], [[-8.140028739944682e-08, -1.0000001192092896, 0.0, -4.7066500030723546e-08], [0.8506516218185425, 8.140028739944682e-08, -0.5257298946380615, -8.940696716308594e-08], [0.5257298946380615, 0.0, 0.850651741027832, 1.0998245477676392]], [[0.5877835154533386, -0.8090183138847351, -4.985016488490146e-08, -4.162544371411059e-07], [0.4253304898738861, 0.30901941657066345, -0.850647509098053, 4.917383193969727e-07], [0.6881893873214722, 0.4999965727329254, 0.5257366895675659, 1.0998245477676392]], [[-0.9510581493377686, -0.3090125024318695, -6.320361478628911e-08, 6.007785202655214e-08], [0.2628628611564636, -0.8090215921401978, -0.5257254242897034, -1.341104507446289e-07], [0.16245566308498383, -0.4999953508377075, 0.8506544828414917, 1.0998245477676392]], [[-0.5877839922904968, -0.809018075466156, -1.2726155773634673e-07, -1.9279414686934615e-07], [0.4253300726413727, -0.3090190291404724, -0.8506478071212769, -2.2351741790771484e-07], [0.6881893873214722, -0.499997079372406, 0.5257362127304077, 1.0998245477676392]], [[-0.9510546326637268, 0.3090224862098694, 1.6966858140676777e-07, -8.070830403994478e-08], [-0.16246487200260162, -0.5000051856040955, -0.8506467342376709, -6.705522537231445e-08], [-0.2628689110279083, -0.8090116381645203, 0.5257375240325928, 1.0998244285583496]], [[0.3090125322341919, 0.9510579705238342, -1.859365852396877e-07, 1.1920928955078125e-07], [-8.684308738793334e-08, -1.4111112989212415e-07, -1.0, 4.287960564397508e-08], [-0.9510579705238342, 0.3090125322341919, 5.707587646952561e-08, 1.0998245477676392]], [[-0.30901283025741577, 0.9510579109191895, -1.5449280965640355e-08, 2.086162567138672e-07], [-8.364420978068665e-08, -4.721298907384153e-09, -1.0, 8.909614734875504e-08], [-0.9510579109191895, -0.3090128004550934, 1.316685569463516e-07, 1.0998244285583496]], [[1.0, 0.0, 0.0, 0.0], [0.0, 1.3435885648505064e-07, -0.9999999403953552, 1.4777114643038658e-07], [0.0, 0.9999999403953552, 1.3435885648505064e-07, 1.09982430934906]], [[0.8090166449546814, 0.5877857208251953, 4.008403209354583e-08, 1.1920928955078125e-07], [4.008403209354583e-08, 4.8696453092134107e-08, -1.0, 1.741618937955991e-08], [-0.5877857208251953, 0.8090167045593262, 2.2648244168976817e-08, 1.0998244285583496]], [[0.3090125322341919, -0.9510579705238342, 1.859365852396877e-07, -1.1920928955078125e-07], [8.684308738793334e-08, -1.4111112989212415e-07, -1.0, 4.287960564397508e-08], [0.9510579705238342, 0.3090125322341919, 5.707587646952561e-08, 1.0998245477676392]], [[0.8090166449546814, -0.5877857208251953, -4.008403209354583e-08, -1.1920928955078125e-07], [-4.008403209354583e-08, 4.8696453092134107e-08, -1.0, 1.741618937955991e-08], [0.5877857208251953, 0.8090167045593262, 2.2648244168976817e-08, 1.0998244285583496]], [[-0.8090168833732605, -0.5877856016159058, -1.3428793010916706e-07, -1.1920928955078125e-07], [1.8638434085005429e-07, 3.567234685419862e-08, -1.0000001192092896, 8.874980039763614e-08], [0.5877856016159058, -0.8090168237686157, 1.9600848588652298e-07, 1.0998245477676392]], [[-0.30901283025741577, -0.9510579109191895, 1.5449280965640355e-08, -2.086162567138672e-07], [8.364420978068665e-08, -4.721298907384153e-09, -1.0, 8.909614734875504e-08], [0.9510579109191895, -0.3090128004550934, 1.316685569463516e-07, 1.0998244285583496]], [[-0.8090168833732605, 0.5877856016159058, 1.3428793010916706e-07, 1.1920928955078125e-07], [-1.8638434085005429e-07, 3.567234685419862e-08, -1.0000001192092896, 8.874980039763614e-08], [-0.5877856016159058, -0.8090168237686157, 1.9600848588652298e-07, 1.0998245477676392]], [[-1.000000238418579, 5.0242962053173926e-15, -1.509958451606508e-07, -5.525843895144451e-15], [1.509958451606508e-07, 1.3435885648505064e-07, -1.0000001192092896, -1.4777114643038658e-07], [-5.0242962053173926e-15, -1.0000001192092896, 1.3435885648505064e-07, 1.0998245477676392]], [[0.5877838134765625, 0.8090180158615112, -3.908331791535602e-08, 2.2598658944161798e-08], [0.4253300130367279, -0.3090192377567291, -0.8506476879119873, 4.470348358154297e-08], [-0.6881893277168274, 0.49999693036079407, -0.5257361531257629, 1.0998244285583496]], [[0.9510548114776611, -0.30902230739593506, 1.949675976220533e-08, 1.852892239639914e-08], [-0.1624646782875061, -0.5000053644180298, -0.8506467342376709, -2.60770320892334e-08], [0.26286882162094116, 0.809011697769165, -0.5257377028465271, 1.0998245477676392]], [[-3.4531240089563653e-07, -1.0, 6.091663351526222e-08, -3.582846943572804e-07], [-0.5257357954978943, 1.4007322590714466e-07, -0.8506479263305664, 8.940696716308594e-08], [0.8506479263305664, -3.0720366339664906e-07, -0.5257357358932495, 1.0998245477676392]], [[-0.9510550498962402, -0.3090223968029022, -7.885808628316227e-08, 1.5794935137591892e-08], [-0.16246463358402252, 0.5000055432319641, -0.8506468534469604, -7.450580596923828e-08], [0.2628689408302307, -0.8090117573738098, -0.5257375836372375, 1.0998245477676392]], [[-0.587783932685852, 0.8090180158615112, -3.257300207337721e-09, 9.129039568733788e-08], [0.42533016204833984, 0.3090193569660187, -0.8506475687026978, -1.9371509552001953e-07], [-0.6881892085075378, -0.49999696016311646, -0.5257363319396973, 1.0998244285583496]], [[0.951058030128479, 0.30901238322257996, -6.6445702273654206e-09, 8.072227331012982e-08], [0.2628627121448517, -0.8090215921401978, -0.5257255434989929, 2.7939677238464355e-07], [-0.16245567798614502, 0.49999549984931946, -0.8506543040275574, 1.0998244285583496]], [[-8.140028739944682e-08, 1.0, -3.777943291538577e-08, 8.241170235123718e-08], [0.8506515622138977, 4.684840959612302e-08, -0.5257298350334167, 5.960464477539063e-08], [-0.5257298350334167, -8.38486045040554e-08, -0.8506516218185425, 1.0998244285583496]], [[0.5877807140350342, -0.8090203404426575, -5.409361847341643e-08, 5.0608381485517384e-08], [-0.6881965398788452, -0.4999980926513672, -0.5257256627082825, 4.470348358154297e-08], [0.42532268166542053, 0.30901142954826355, -0.8506541848182678, 1.0998244285583496]], [[-0.587780773639679, -0.8090202808380127, -1.0240475489808887e-07, 3.620220212496861e-08], [-0.6881964206695557, 0.49999818205833435, -0.5257257223129272, 1.1920928955078125e-07], [0.4253228008747101, -0.30901139974594116, -0.850654125213623, 1.0998244285583496]]], [[[-0.9510582685470581, 0.30901238322257996, -1.3448720892483834e-07, 8.111878457839339e-08], [0.26286283135414124, 0.8090219497680664, -0.525725245475769, -2.1979212760925293e-07], [-0.1624554842710495, -0.49999523162841797, -0.8506544828414917, 1.0998244285583496]], [[-1.0, 8.742278367890322e-08, 8.742277657347586e-08, 4.428261135558387e-08], [-8.74227694680485e-08, -1.0, 8.742278367890322e-08, 4.4282614908297546e-08], [8.742279078433057e-08, 8.74227694680485e-08, 1.0, 0.5065340399742126]], [[0.5877805352210999, 0.8090205788612366, -8.542329510419222e-09, 1.6197766683490045e-07], [-0.3618099093437195, 0.26286736130714417, -0.8944243788719177, 1.4156103134155273e-07], [-0.7236075401306152, 0.5257253050804138, 0.4472200274467468, 0.506534218788147]], [[0.951058030128479, -0.3090122938156128, -5.994272100906528e-08, -2.848011071421297e-08], [0.13819651305675507, 0.4253324568271637, -0.8944239020347595, 2.384185791015625e-07], [0.276388019323349, 0.8506490588188171, 0.4472202956676483, 0.5065340995788574]], [[-1.0195598321161015e-07, -0.9999999403953552, -6.32410888101731e-08, -6.051790535366308e-08], [0.44721564650535583, -4.1453120047663106e-08, -0.8944261074066162, 4.470348358154297e-08], [0.8944261074066162, -1.5187256963145046e-07, 0.44721561670303345, 0.5065339803695679]], [[-0.9510580897331238, -0.3090122938156128, -1.7887595049614902e-07, -2.561998257988307e-08], [0.13819660246372223, -0.4253320097923279, -0.8944240808486938, 1.30385160446167e-08], [0.2763879597187042, -0.8506492376327515, 0.4472199082374573, 0.5065340995788574]], [[-0.5877810716629028, 0.8090203404426575, 1.582498327934445e-07, 1.4015677152201533e-07], [-0.36180976033210754, -0.2628667950630188, -0.8944243788719177, -7.450580596923828e-08], [-0.7236073613166809, -0.5257255434989929, 0.44721972942352295, 0.5065341591835022]], [[0.951058030128479, 0.3090122938156128, -2.0740392514539963e-08, 1.9599525558078312e-08], [0.1381964087486267, -0.42533203959465027, -0.8944240808486938, 0.0], [-0.2763880491256714, 0.8506492376327515, -0.4472198486328125, 0.5065340995788574]], [[0.5877807140350342, -0.8090203404426575, -1.45566531273289e-07, 3.1731453020711342e-09], [-0.36180979013442993, -0.26286691427230835, -0.8944242000579834, -2.2351741790771484e-08], [0.7236073017120361, 0.5257253050804138, -0.447219580411911, 0.5065340399742126]], [[-0.5877810120582581, -0.8090203404426575, -1.3105969287607877e-07, -4.481660198507598e-08], [-0.36180970072746277, 0.26286736130714417, -0.8944242596626282, -9.685754776000977e-08], [0.7236073613166809, -0.5257253646850586, -0.4472195506095886, 0.5065340995788574]], [[-0.9510581493377686, 0.3090122938156128, -5.96606568592506e-08, 1.3515053076673667e-08], [0.13819652795791626, 0.425332248210907, -0.8944240212440491, -1.210719347000122e-07], [-0.2763879895210266, -0.8506491780281067, -0.44721996784210205, 0.5065340995788574]], [[-2.3490322575980827e-07, 1.0, -5.477760822714117e-08, 1.1883339823270944e-07], [0.4472154676914215, 5.764024635368514e-08, -0.8944262266159058, 5.960464477539063e-08], [-0.8944262266159058, -2.3204057697512326e-07, -0.4472154676914215, 0.5065340399742126]], [[1.0, 0.0, 0.0, 0.0], [0.0, -1.0, 0.0, 0.0], [0.0, 0.0, -1.0, 0.5065340399742126]], [[0.9510580897331238, -0.309012234210968, 4.15464995739967e-08, 2.649017716294111e-08], [0.17016848921775818, 0.5237335562705994, -0.8347130417823792, -1.0058283805847168e-07], [0.2579365372657776, 0.7938605546951294, 0.5506851673126221, 0.5065340399742126]], [[0.951058030128479, -0.3090123236179352, 3.259279068856813e-09, -2.1266219007998188e-08], [0.20318153500556946, 0.6253390312194824, -0.7534378170967102, 3.5390257835388184e-08], [0.23282155394554138, 0.7165631055831909, 0.6575193405151367, 0.5065340995788574]], [[0.951058030128479, -0.3090123236179352, -3.89487340157757e-08, -3.7353625970126814e-08], [0.23497389256954193, 0.7231875658035278, -0.649451494216919, 4.6566128730773926e-08], [0.20068854093551636, 0.6176660656929016, 0.7604031562805176, 0.5065340995788574]], [[0.951058030128479, -0.3090122640132904, 3.4341020693773316e-08, 1.4797045366776729e-08], [0.2628626823425293, 0.8090220093727112, -0.5257253646850586, 1.30385160446167e-08], [0.16245554387569427, 0.4999953508377075, 0.850654661655426, 0.5065341591835022]], [[0.951058030128479, -0.3090122938156128, -1.883211808717533e-08, -1.623566703301549e-08], [0.2845863699913025, 0.8758816719055176, -0.3896692395210266, 1.2665987014770508e-07], [0.12041258811950684, 0.37059804797172546, 0.9209550023078918, 0.5065340399742126]], [[0.951058030128479, -0.3090122938156128, -1.5636758554649077e-09, -8.217249991560038e-09], [0.2991083562374115, 0.9205765128135681, -0.2511442303657532, 3.725290298461914e-09], [0.07760664820671082, 0.23885275423526764, 0.9679498672485352, 0.5065340995788574]], [[0.951058030128479, -0.3090123236179352, 1.1513045450328718e-07, 5.4176108932324496e-08], [0.3068075180053711, 0.9442722797393799, -0.11924449354410172, -4.507601261138916e-07], [0.036847908049821854, 0.11340846866369247, 0.9928650856018066, 0.5065340995788574]], [[0.5877806544303894, 0.8090204000473022, -3.150358622860949e-07, -1.4912458823346242e-07], [-0.8032481074333191, 0.5835870504379272, -0.11924298852682114, 3.781169652938843e-07], [-0.09646981954574585, 0.07008898258209229, 0.992865264415741, 0.5065340995788574]], [[0.5877807140350342, 0.8090203404426575, -1.4223111577393865e-07, -6.601054280963581e-08], [-0.7830908894538879, 0.568942129611969, -0.25114473700523376, -1.5273690223693848e-07], [-0.20318111777305603, 0.1476181447505951, 0.9679496884346008, 0.5065340995788574]], [[0.587780773639679, 0.8090203404426575, 1.3138378562871367e-07, 6.128986740350229e-08], [-0.7450710535049438, 0.5413196682929993, -0.3896695673465729, 1.564621925354004e-07], [-0.3152506351470947, 0.22904019057750702, 0.9209549427032471, 0.5065341591835022]], [[0.5877806544303894, 0.8090203404426575, -2.1378940573413274e-07, -6.231639559928226e-08], [-0.6881964802742004, 0.49999794363975525, -0.5257259011268616, -1.4901161193847656e-07], [-0.42532283067703247, 0.30901166796684265, 0.8506540656089783, 0.5065340995788574]], [[0.5877805948257446, 0.8090204000473022, 4.443667478426505e-08, 7.672031188121764e-08], [-0.6151814460754395, 0.44695016741752625, -0.6494516134262085, 1.564621925354004e-07], [-0.5254195928573608, 0.38173502683639526, 0.7604029774665833, 0.5065340399742126]], [[0.5877805352210999, 0.8090204000473022, 2.0661919108988513e-07, 1.5822266163922905e-07], [-0.5319464206695557, 0.38647714257240295, -0.7534376978874207, 2.7567148208618164e-07], [-0.6095465421676636, 0.4428558945655823, 0.6575192809104919, 0.5065340399742126]], [[0.5877805352210999, 0.809020459651947, 1.1992055704013183e-07, 1.3775884610822686e-07], [-0.44551557302474976, 0.3236822783946991, -0.8347130417823792, 1.9371509552001953e-07], [-0.6752999424934387, 0.49062806367874146, 0.5506853461265564, 0.5065340995788574]], [[0.6872575283050537, 0.7264139652252197, -5.3773661079503654e-08, -1.2992273923373432e-08], [-0.34649038314819336, 0.32781344652175903, -0.8789102435112, 7.450580596923828e-08], [-0.6384525299072266, 0.6040377616882324, 0.47698771953582764, 0.5065341591835022]], [[0.7883871793746948, 0.6151793003082275, 5.723187257444806e-09, -2.8346155644953797e-08], [-0.3090057671070099, 0.3960084021091461, -0.8646922707557678, 9.685754776000977e-08], [-0.5319408178329468, 0.6817123293876648, 0.5023019313812256, 0.5065340399742126]], [[0.8805182576179504, 0.47401225566864014, -1.5833782285312736e-08, 8.523981165353689e-08], [-0.24628378450870514, 0.45749351382255554, -0.8544265031814575, 2.0489096641540527e-07], [-0.4050085246562958, 0.752338171005249, 0.5195729732513428, 0.5065342783927917]], [[0.9510547518730164, 0.30902236700057983, 3.683759963735156e-09, 3.078332255768146e-08], [-0.16246472299098969, 0.5000054836273193, -0.8506467342376709, 6.891787052154541e-08], [-0.26286885142326355, 0.809011697769165, 0.5257378816604614, 0.5065340995788574]], [[0.9909701347351074, 0.1340828835964203, 2.772336582523849e-09, 8.180207622388025e-09], [-0.0696658194065094, 0.5148811936378479, -0.8544261455535889, 1.9371509552001953e-07], [-0.11456392705440521, 0.8467108011245728, 0.5195728540420532, 0.5065340399742126]], [[0.9994123578071594, -0.03427727520465851, 2.6615269987928514e-09, 6.771803673366605e-10], [0.017217542976140976, 0.5020067095756531, -0.8646922707557678, -1.2980308383703232e-08], [0.029639294371008873, 0.8641841411590576, 0.5023018717765808, 0.5065340399742126]], [[0.9829803109169006, -0.18371082842350006, -4.688169852329338e-08, -2.6228271110539936e-08], [0.0876278281211853, 0.4688698649406433, -0.8789097666740417, 2.207234501838684e-07], [0.16146527230739594, 0.8639510273933411, 0.4769880473613739, 0.5065340399742126]], [[-0.4784771800041199, 0.8781001567840576, 1.467281123268549e-07, 2.0549826729165943e-08], [-0.4188423454761505, -0.22822710871696472, -0.878910481929779, 1.1175870895385742e-08], [-0.7717713117599487, -0.4205385744571686, 0.4769870340824127, 0.5065340995788574]], [[-0.3414367437362671, 0.9399049878120422, -8.362106740378294e-08, 9.793338051622413e-08], [-0.4721147119998932, -0.1715036928653717, -0.864693284034729, -9.313225746154785e-08], [-0.8127293586730957, -0.29523783922195435, 0.5023007392883301, 0.5065340995788574]], [[-0.17870956659317017, 0.9839019179344177, -1.8774959187339846e-07, -4.196141745183013e-08], [-0.511206865310669, -0.0928523913025856, -0.8544273376464844, 8.66129994392395e-08], [-0.8406726717948914, -0.1526941955089569, 0.51957106590271, 0.5065340995788574]], [[8.927057137952943e-08, 1.0, -1.84060155561383e-07, -8.748088475840632e-08], [-0.5257359147071838, -8.927057137952943e-08, -0.8506478667259216, 0.0], [-0.8506478667259216, 1.84060155561383e-07, 0.5257359147071838, 0.5065339803695679]], [[0.17870968580245972, 0.9839019179344177, -8.022176700706041e-08, -8.07174345140993e-08], [-0.5112066864967346, 0.09285241365432739, -0.8544275164604187, -3.119930624961853e-08], [-0.8406727910041809, 0.15269458293914795, 0.5195709466934204, 0.5065341591835022]], [[0.3414360582828522, 0.9399051070213318, -1.3810553411985893e-07, 1.436754217820635e-07], [-0.4721149504184723, 0.17150361835956573, -0.8646931648254395, 2.9802322387695312e-08], [-0.8127293586730957, 0.29523757100105286, 0.5023007988929749, 0.5065340995788574]], [[0.4784771203994751, 0.8781000375747681, 6.759616866247597e-08, 3.123307834584921e-08], [-0.4188423752784729, 0.22822746634483337, -0.8789103031158447, 1.4528632164001465e-07], [-0.7717711329460144, 0.42053842544555664, 0.4769871234893799, 0.5065339803695679]], [[-0.5877810716629028, 0.809020459651947, -1.7419709763544233e-07, -7.829396508896025e-08], [-0.8032480478286743, -0.5835868716239929, -0.1192438006401062, -3.3527612686157227e-08], [-0.09647075086832047, -0.07008907198905945, 0.9928654432296753, 0.506534218788147]], [[-0.5877805352210999, 0.8090205192565918, -4.384411411706424e-08, -5.8749648701450496e-08], [-0.7830910682678223, -0.5689418911933899, -0.25114452838897705, -4.470348358154297e-08], [-0.20318108797073364, -0.14761781692504883, 0.9679496884346008, 0.5065340995788574]], [[-0.587780773639679, 0.8090203404426575, 1.7523137785246945e-07, 8.174454535492259e-08], [-0.7450711131095886, -0.5413193106651306, -0.38966962695121765, 8.940696716308594e-08], [-0.31525054574012756, -0.22904041409492493, 0.9209548234939575, 0.5065340995788574]], [[-0.5877804160118103, 0.8090205788612366, -1.9232237491451087e-07, -2.020781835199159e-07], [-0.6881967186927795, -0.49999794363975525, -0.5257256031036377, 2.9802322387695312e-08], [-0.42532289028167725, -0.3090110421180725, 0.8506543040275574, 0.5065340995788574]], [[-0.5877808332443237, 0.8090203404426575, 1.1666894295103702e-07, 5.983852702229342e-08], [-0.6151812076568604, -0.44694983959198, -0.6494520902633667, -1.4156103134155273e-07], [-0.5254198908805847, -0.3817354738712311, 0.7604026794433594, 0.5065340995788574]], [[-0.5877806544303894, 0.8090201020240784, 1.9311853804993007e-07, 6.431923083027868e-08], [-0.5319460034370422, -0.38647690415382385, -0.7534380555152893, -2.9802322387695312e-08], [-0.6095465421676636, -0.4428565502166748, 0.6575186252593994, 0.5065339803695679]], [[-0.5877808928489685, 0.8090202808380127, 1.1391520615688933e-07, 9.138022960542003e-08], [-0.44551533460617065, -0.32368192076683044, -0.8347132205963135, -1.4901161193847656e-08], [-0.675299882888794, -0.4906284511089325, 0.5506850481033325, 0.5065340995788574]], [[-9.87120856166257e-08, -1.0000001192092896, 1.5128898667171597e-07, 4.636788730749686e-10], [0.5506808161735535, -4.9734875773310705e-08, -0.8347159624099731, -1.4901161193847656e-08], [0.8347159624099731, 7.138146429497283e-08, 0.550680935382843, 0.5065340995788574]], [[-1.628507249051836e-07, -1.0, -8.022459496714873e-08, -8.887006686109089e-08], [0.6575149297714233, 9.375305864978145e-09, -0.753441572189331, 2.9802322387695312e-08], [0.753441572189331, -1.499885229350184e-07, 0.6575149297714233, 0.5065340995788574]], [[-1.586016793453382e-07, -1.0, 5.83518016128437e-08, -2.9700188974857156e-08], [0.7603991627693176, -1.5773217398873385e-07, -0.6494560241699219, -2.9802322387695312e-08], [0.6494560241699219, -5.83518016128437e-08, 0.7603991627693176, 0.5065340399742126]], [[-1.1595217586091167e-07, -1.0000001192092896, 0.0, -3.087806987878139e-08], [0.8506516218185425, 1.1595217586091167e-07, -0.5257300138473511, -1.043081283569336e-07], [0.5257300138473511, 0.0, 0.850651741027832, 0.506534218788147]], [[-4.788976184499916e-07, -1.000000238418579, 5.0274014284923396e-08, -7.107364297098684e-08], [0.9209533929824829, -1.6769140742667332e-08, -0.38967329263687134, 1.1920928955078125e-07], [0.38967329263687134, -5.0274014284923396e-08, 0.920953631401062, 0.506534218788147]], [[-1.0366740355038928e-07, -0.9999998807907104, -2.0860092320162948e-07, -1.1546484302016324e-07], [0.967948853969574, -2.3079475397480564e-07, -0.2511470913887024, -5.21540641784668e-08], [0.2511470913887024, -2.512845469482272e-07, 0.9679487347602844, 0.5065339803695679]], [[-2.1181865861308324e-07, -1.0000001192092896, 5.034790806490719e-09, -1.0262100502700378e-08], [0.9928649663925171, 4.3532239146770735e-08, -0.1192450299859047, -7.450580596923828e-09], [0.1192450299859047, -5.034790806490719e-09, 0.9928650856018066, 0.5065341591835022]], [[0.9032338857650757, -0.4291486442089081, -1.2094448997856944e-08, -2.922145414530064e-09], [0.20469865202903748, 0.430831640958786, -0.8789100050926208, 1.1548399925231934e-07], [0.3771830201148987, 0.7938612699508667, 0.47698789834976196, 0.5065340995788574]], [[0.8286928534507751, -0.5597037672996521, 2.1610118139392398e-08, -9.880980655907479e-08], [0.28114014863967896, 0.4162541627883911, -0.8646926283836365, 1.043081283569336e-07], [0.48397159576416016, 0.7165646553039551, 0.5023020505905151, 0.506534218788147]], [[0.7229030132293701, -0.690949559211731, -1.0380308168578267e-08, -9.213886187353637e-08], [0.35899800062179565, 0.3756004273891449, -0.8544268608093262, 1.6391277313232422e-07], [0.5903657674789429, 0.6176677942276001, 0.5195722579956055, 0.506534218788147]], [[0.5877834558486938, -0.8090184330940247, 9.240075371508283e-08, -1.5420731358517514e-07], [0.42533037066459656, 0.30901944637298584, -0.8506478667259216, 1.2665987014770508e-07], [0.6881895661354065, 0.4999968707561493, 0.5257366895675659, 0.5065342783927917]], [[0.4337396025657654, -0.9010383486747742, -1.3645237117998477e-07, -2.1472546052336838e-07], [0.46815261244773865, 0.22535844147205353, -0.8544278740882874, 8.195638656616211e-08], [0.7698721885681152, 0.3705991804599762, 0.5195703506469727, 0.5065340995788574]], [[0.276228666305542, -0.961091935634613, -1.1283525935823491e-07, -5.106056732984143e-08], [0.4827551543712616, 0.1387494057416916, -0.8646942377090454, 5.587935447692871e-09], [0.8310506939888, 0.23885329067707062, 0.5022986531257629, 0.5065340399742126]], [[0.1290319859981537, -0.9916405081748962, 1.6723119244943518e-07, 1.43274441199992e-08], [0.47299647331237793, 0.061546143144369125, -0.8789121508598328, 3.3760443329811096e-08], [0.8715648055076599, 0.1134079247713089, 0.4769839346408844, 0.5065340995788574]], [[-0.9510583281517029, -0.30901259183883667, 1.2241764579812298e-07, 1.310048389768781e-07], [0.17016862332820892, -0.5237336754798889, -0.8347130417823792, -3.91155481338501e-08], [0.25793686509132385, -0.7938604950904846, 0.5506856441497803, 0.5065341591835022]], [[-0.9510582685470581, -0.309012234210968, 3.2956270956674416e-07, 7.996046491598463e-08], [0.20318128168582916, -0.625339150428772, -0.7534377574920654, 5.029141902923584e-08], [0.23282165825366974, -0.7165629863739014, 0.657519519329071, 0.5065340995788574]], [[-0.9510583877563477, -0.30901214480400085, -2.0381249044021388e-07, -1.4555769212165615e-07], [0.23497390747070312, -0.7231874465942383, -0.649451494216919, 1.862645149230957e-09], [0.2006882131099701, -0.6176661252975464, 0.7604033350944519, 0.5065341591835022]], [[-0.9510581493377686, -0.3090119957923889, 1.8485553709979285e-07, 5.1457504923746455e-09], [0.2628623843193054, -0.8090220093727112, -0.5257250070571899, 1.5273690223693848e-07], [0.1624554842710495, -0.49999502301216125, 0.8506546020507812, 0.5065340399742126]], [[-0.9510578513145447, -0.3090125024318695, -6.951588602532865e-07, -2.684087121451739e-07], [0.2845867872238159, -0.8758813142776489, -0.3896694779396057, -2.7939677238464355e-08], [0.12041213363409042, -0.3705984652042389, 0.9209546446800232, 0.5065339207649231]], [[-0.9510583281517029, -0.30901187658309937, 3.338251701734407e-07, 1.0406965600395779e-07], [0.2991079092025757, -0.9205766320228577, -0.2511437237262726, 2.468004822731018e-07], [0.0776066929101944, -0.23885218799114227, 0.9679499864578247, 0.5065340995788574]], [[-0.9510585069656372, -0.3090122938156128, 1.516332019946276e-07, 6.88087737898968e-08], [0.3068075180053711, -0.9442723393440247, -0.11924321204423904, 1.9744038581848145e-07], [0.03684775531291962, -0.11340717226266861, 0.9928655028343201, 0.506534218788147]], [[-0.1290324628353119, -0.9916406273841858, 3.599933862119542e-08, -1.5894030980234675e-07], [0.4729965031147003, -0.06154611334204674, -0.8789122700691223, -2.6775524020195007e-08], [0.8715649247169495, -0.11340798437595367, 0.4769841134548187, 0.506534218788147]], [[-0.27622899413108826, -0.9610919952392578, -1.0968381047860021e-07, -1.0241280534728503e-07], [0.48275524377822876, -0.13874921202659607, -0.8646942973136902, -1.1175870895385742e-08], [0.8310506343841553, -0.2388535887002945, 0.5022988319396973, 0.5065341591835022]], [[-0.43374067544937134, -0.9010380506515503, -1.178358601