[[[[0.6859206557273865, 0.7276763319969177, -4.011331711240018e-09, -0.3960070312023163], [0.32401347160339355, -0.3054208755493164, -0.8953956365585327, 0.3731381893157959], [-0.6515582203865051, 0.6141703724861145, -0.44527140259742737, 11.250574111938477]], [[-1.0, 8.742278367890322e-08, 8.742277657347586e-08, 9.614970508664555e-08], [-8.74227694680485e-08, -1.0, 8.742278367890322e-08, 9.614971219207291e-08], [8.742279078433057e-08, 8.74227694680485e-08, 1.0, 1.0998244285583496]], [[0.5877805948257446, 0.8090204000473022, 5.998178664867737e-08, 1.7851442635219428e-07], [-0.3618098795413971, 0.26286718249320984, -0.8944241404533386, 2.8312206268310547e-07], [-0.7236073613166809, 0.5257251262664795, 0.4472198188304901, 1.0998244285583496]], [[0.951058030128479, -0.3090123236179352, -1.2353421396937847e-08, -9.548315915708372e-08], [0.13819648325443268, 0.4253324568271637, -0.8944242000579834, 3.241002559661865e-07], [0.2763880491256714, 0.850649356842041, 0.4472202956676483, 1.0998246669769287]], [[-2.453651006817381e-07, -1.0, -1.892536261038913e-08, -2.5067714659599005e-07], [0.447215735912323, -4.1453120047663106e-08, -0.894426167011261, 1.4901161193847656e-07], [0.894426167011261, -1.9618829583123443e-07, 0.4472157657146454, 1.0998244285583496]], [[-0.9510583877563477, -0.3090123236179352, -1.84935217362181e-07, -1.2076516497927514e-07], [0.13819660246372223, -0.42533189058303833, -0.8944242000579834, -1.7881393432617188e-07], [0.2763879895210266, -0.8506494164466858, 0.447220116853714, 1.0998246669769287]], [[-0.5877803564071655, 0.8090202212333679, 1.5729504809769423e-07, -1.610509627880674e-07], [-0.3618096709251404, -0.26286691427230835, -0.8944241404533386, -5.960464477539063e-08], [-0.7236073017120361, -0.5257251858711243, 0.44721922278404236, 1.0998241901397705]], [[0.951058030128479, 0.3090122938156128, -2.0740392514539963e-08, 6.980608446838232e-08], [0.1381964087486267, -0.42533203959465027, -0.8944240808486938, 2.60770320892334e-08], [-0.2763880491256714, 0.8506492376327515, -0.4472198486328125, 1.0998244285583496]], [[0.5877806544303894, -0.8090203404426575, -2.7293131310557328e-08, -4.618016191670904e-08], [-0.36180970072746277, -0.2628669738769531, -0.8944242596626282, 4.470348358154297e-08], [0.7236073613166809, 0.5257253050804138, -0.44721952080726624, 1.0998244285583496]], [[-0.5877809524536133, -0.8090202808380127, 1.2946846084105346e-07, -2.722970009472192e-07], [-0.36180976033210754, 0.2628670930862427, -0.8944242596626282, -7.450580596923828e-08], [0.7236072421073914, -0.5257254838943481, -0.4472195506095886, 1.0998244285583496]]], [[[-0.9510582089424133, 0.3090122938156128, -1.011907144743418e-07, 4.977199807854049e-08], [0.13819649815559387, 0.42533206939697266, -0.8944242000579834, 2.9802322387695312e-08], [-0.276388019323349, -0.8506492972373962, -0.44721972942352295, 1.09982430934906]], [[-1.0, 8.742278367890322e-08, 8.742277657347586e-08, 4.428261135558387e-08], [-8.74227694680485e-08, -1.0, 8.742278367890322e-08, 4.4282614908297546e-08], [8.742279078433057e-08, 8.74227694680485e-08, 1.0, 0.5065340399742126]], [[0.5877805352210999, 0.8090205788612366, -8.542329510419222e-09, 1.6197766683490045e-07], [-0.3618099093437195, 0.26286736130714417, -0.8944243788719177, 1.4156103134155273e-07], [-0.7236075401306152, 0.5257253050804138, 0.4472200274467468, 0.506534218788147]], [[0.951058030128479, -0.30901235342025757, -4.991240132312669e-08, -5.601024355428308e-08], [0.1381964534521103, 0.4253324866294861, -0.8944242000579834, 1.695007085800171e-07], [0.27638810873031616, 0.850649356842041, 0.4472202956676483, 0.506534218788147]], [[-1.0195598321161015e-07, -0.9999999403953552, -6.32410888101731e-08, -6.051790535366308e-08], [0.44721564650535583, -4.1453120047663106e-08, -0.8944261074066162, 4.470348358154297e-08], [0.8944261074066162, -1.5187256963145046e-07, 0.44721561670303345, 0.5065339803695679]], [[-0.9510583877563477, -0.3090123236179352, -1.84935217362181e-07, -5.679492076637871e-08], [0.13819660246372223, -0.42533189058303833, -0.8944242000579834, -6.146728992462158e-08], [0.2763879895210266, -0.8506494164466858, 0.447220116853714, 0.506534218788147]], [[-0.5877810716629028, 0.8090203404426575, 1.582498327934445e-07, 1.4015677152201533e-07], [-0.36180976033210754, -0.2628667950630188, -0.8944243788719177, -7.450580596923828e-08], [-0.7236073613166809, -0.5257255434989929, 0.44721972942352295, 0.5065341591835022]], [[0.951058030128479, 0.3090122938156128, -2.0740392514539963e-08, 1.9599525558078312e-08], [0.1381964087486267, -0.42533203959465027, -0.8944240808486938, 0.0], [-0.2763880491256714, 0.8506492376327515, -0.4472198486328125, 0.5065340995788574]], [[0.587780773639679, -0.8090202808380127, -1.4023437699961505e-07, 3.176756280254267e-08], [-0.36180976033210754, -0.2628669738769531, -0.8944242000579834, -2.2351741790771484e-08], [0.7236072421073914, 0.5257253646850586, -0.447219580411911, 0.5065340399742126]], [[-0.5877810120582581, -0.8090203404426575, -1.3105969287607877e-07, -4.481660198507598e-08], [-0.36180970072746277, 0.26286736130714417, -0.8944242596626282, -9.685754776000977e-08], [0.7236073613166809, -0.5257253646850586, -0.4472195506095886, 0.5065340995788574]]]]